0.09,14.007,16.358,12.646
0.097,13.407,15.301,12.13
0.1,13.137,14.85,11.902
0.12,12.204,13.494,11.094
0.14,11.64,12.782,10.588
0.16,11.223,12.287,10.205
0.2,10.59,11.563,9.615
0.25,10.026,10.938,9.083
0.3,9.599,10.471,8.678
0.35,9.246,10.084,8.343
0.4,8.82,9.61,7.946
0.45,8.305,9.024,7.474
0.5,7.686,8.293,6.932
0.55,6.993,7.488,6.329
0.6,6.365,6.778,5.774
0.607,6.267,6.669,5.688
0.619,6.121,6.506,5.558
0.63,5.988,6.358,5.439
0.643,5.819,6.172,5.288
0.65,5.738,6.082,5.215
0.65,5.734,6.078,5.211
0.66,5.604,5.936,5.095
0.67,5.473,5.793,4.976
0.679,5.351,5.661,4.865
0.688,5.23,5.53,4.753
0.696,5.113,5.406,4.645
0.7,5.059,5.349,4.595
0.7,5.049,5.337,4.586
0.709,4.906,5.186,4.452
0.717,4.773,5.046,4.327
0.724,4.637,4.905,4.198
0.731,4.5,4.763,4.067
0.738,4.365,4.625,3.936
0.742,4.277,4.535,3.85
0.743,4.242,4.5,3.815
0.748,4.109,4.368,3.681
0.749,4.079,4.339,3.651
0.75,4.057,4.317,3.629
0.754,3.925,4.188,3.493
0.756,3.874,4.141,3.438
0.759,3.769,4.043,3.322
0.761,3.682,3.966,3.223
0.762,3.594,3.894,3.119
0.764,3.527,3.841,3.037
0.765,3.452,3.779,2.945
0.765,3.361,3.701,2.841
0.766,3.268,3.617,2.739
0.767,3.195,3.549,2.661
0.767,3.175,3.53,2.64
0.767,3.067,3.427,2.528
0.768,2.967,3.329,2.424
0.768,2.846,3.212,2.299
0.769,2.725,3.094,2.175
0.769,2.592,2.964,2.039
0.769,2.464,2.839,1.909
0.77,2.345,2.723,1.787
0.77,2.245,2.625,1.685
0.77,2.125,2.507,1.562
0.771,1.999,2.384,1.433
0.771,1.874,2.262,1.305
0.771,1.754,2.145,1.182
0.771,1.635,2.03,1.059
0.771,1.518,1.917,0.938
0.771,1.399,1.801,0.815
0.771,1.284,1.69,0.696
0.772,1.166,1.577,0.574
0.772,1.052,1.467,0.456
0.772,0.941,1.361,0.341
0.772,0.829,1.253,0.225
0.772,0.721,1.151,0.113
0.772,0.611,1.046,-0.002
0.772,0.504,0.944,-0.114
0.771,0.397,0.843,-0.226
0.771,0.291,0.743,-0.337
0.771,0.191,0.648,-0.442
0.771,0.137,0.596,-0.499
0.771,0.166,0.623,-0.467
0.771,0.177,0.633,-0.455
0.771,0.088,0.549,-0.549
0.771,-0.014,0.454,-0.656
0.771,-0.115,0.359,-0.763
0.771,-0.215,0.266,-0.868
0.77,-0.312,0.177,-0.972
0.77,-0.408,0.09,-1.074
0.77,-0.504,0.002,-1.177
0.77,-0.599,-0.084,-1.28
0.769,-0.691,-0.166,-1.378
0.769,-0.781,-0.247,-1.476
0.769,-0.869,-0.326,-1.571
0.768,-0.956,-0.403,-1.666
0.768,-1.043,-0.48,-1.76
0.768,-1.128,-0.554,-1.852
0.767,-1.229,-0.643,-1.962
0.767,-1.31,-0.714,-2.051
0.766,-1.405,-0.796,-2.155
0.766,-1.498,-0.877,-2.258
0.765,-1.592,-0.958,-2.361
0.764,-1.682,-1.034,-2.46
0.763,-1.769,-1.108,-2.557
0.762,-1.857,-1.182,-2.653
0.761,-1.939,-1.249,-2.745
0.76,-2.02,-1.315,-2.836
0.759,-2.102,-1.381,-2.928
0.758,-2.179,-1.442,-3.016
0.757,-2.254,-1.501,-3.101
0.755,-2.33,-1.561,-3.187
0.754,-2.405,-1.619,-3.272
0.752,-2.474,-1.672,-3.351
0.751,-2.545,-1.726,-3.431
0.749,-2.614,-1.778,-3.51
0.747,-2.679,-1.824,-3.585
0.745,-2.742,-1.868,-3.659
0.742,-2.804,-1.91,-3.731
0.74,-2.863,-1.95,-3.8
0.737,-2.917,-1.985,-3.863
0.734,-2.968,-2.018,-3.924
0.693,0.479,0.787,-0.005
0.693,0.444,0.755,-0.043
0.693,0.439,0.749,-0.048
0.693,0.437,0.746,-0.05
0.693,0.436,0.744,-0.049
0.693,0.437,0.743,-0.046
0.693,0.439,0.743,-0.041
0.693,0.442,0.743,-0.034
0.693,0.445,0.743,-0.028
0.693,0.448,0.743,-0.021
0.693,0.451,0.743,-0.015
0.693,0.453,0.742,-0.009
0.693,0.455,0.742,-0.004
0.693,0.457,0.741,0.0
0.694,0.458,0.74,0.003
0.694,0.458,0.74,0.004
0.694,0.458,0.739,0.004
0.694,0.457,0.739,0.004
0.694,0.456,0.738,0.002
0.694,0.454,0.737,-0.002
0.694,0.451,0.736,-0.007
0.694,0.447,0.734,-0.013
0.694,0.441,0.731,-0.022
0.694,0.438,0.73,-0.027
0.694,0.435,0.728,-0.033
0.694,0.427,0.724,-0.044
0.694,0.419,0.719,-0.056
0.694,0.409,0.712,-0.07
0.694,0.397,0.704,-0.086
0.694,0.382,0.694,-0.105
0.694,0.366,0.681,-0.126
0.694,0.346,0.666,-0.151
0.694,0.32,0.645,-0.183
0.694,0.289,0.619,-0.221
0.694,0.24,0.578,-0.277
0.695,0.157,0.507,-0.373
0.695,0.072,0.434,-0.471
0.695,-0.008,0.365,-0.562
0.695,-0.088,0.296,-0.653
0.695,-0.166,0.229,-0.74
0.695,-0.243,0.161,-0.826
0.695,-0.292,0.118,-0.881
0.695,-0.327,0.087,-0.919
0.694,-0.411,0.012,-1.013
0.694,-0.497,-0.064,-1.107
0.694,-0.581,-0.138,-1.2
0.694,-0.664,-0.212,-1.292
0.694,-0.726,-0.267,-1.36
0.694,-0.65,-0.2,-1.277
0.693,-0.557,-0.117,-1.173
0.69,-0.572,-0.13,-1.19
0.688,-0.659,-0.206,-1.287
0.685,-0.75,-0.287,-1.387
0.681,-0.845,-0.37,-1.491
0.677,-0.939,-0.452,-1.596
0.672,-1.03,-0.531,-1.697
0.666,-1.121,-0.61,-1.798
0.66,-1.21,-0.685,-1.898
0.653,-1.297,-0.758,-1.995
0.645,-1.383,-0.829,-2.092
0.635,-1.467,-0.897,-2.188
0.623,-1.538,-0.948,-2.275
0.616,-1.569,-0.964,-2.316
0.599,-1.648,-1.028,-2.406
0.578,-1.736,-1.108,-2.5
0.549,-1.844,-1.219,-2.605
0.521,-1.964,-1.37,-2.702
0.501,-2.042,-1.507,-2.736
0.545,30.593,32.264,29.373
