0.09,14.023,16.389,12.659
0.093,13.722,15.846,12.4
0.1,13.152,14.876,11.914
0.12,12.219,13.516,11.107
0.14,11.659,12.807,10.605
0.148,11.479,12.59,10.44
0.16,11.252,12.321,10.232
0.2,10.638,11.615,9.661
0.248,10.097,11.014,9.151
0.25,10.073,10.988,9.129
0.3,9.636,10.509,8.713
0.35,9.277,10.118,8.372
0.4,8.864,9.659,7.987
0.45,8.379,9.109,7.541
0.5,7.809,8.441,7.039
0.55,7.194,7.716,6.508
0.6,6.65,7.095,6.029
0.614,6.502,6.927,5.899
0.639,6.246,6.638,5.675
0.65,6.132,6.51,5.575
0.654,6.092,6.466,5.539
0.67,5.933,6.289,5.397
0.692,5.726,6.06,5.214
0.7,5.654,5.979,5.15
0.705,5.61,5.93,5.111
0.72,5.465,5.771,4.983
0.735,5.328,5.621,4.861
0.748,5.206,5.488,4.752
0.75,5.19,5.47,4.737
0.761,5.081,5.353,4.637
0.776,4.945,5.208,4.513
0.79,4.81,5.064,4.388
0.799,4.712,4.96,4.297
0.811,4.599,4.84,4.192
0.823,4.473,4.708,4.075
0.834,4.348,4.577,3.958
0.844,4.233,4.456,3.85
0.849,4.176,4.397,3.797
0.858,4.067,4.283,3.694
0.867,3.95,4.162,3.583
0.876,3.84,4.048,3.478
0.887,3.692,3.896,3.335
0.895,3.567,3.77,3.214
0.896,3.551,3.753,3.197
0.898,3.509,3.712,3.156
0.902,3.454,3.656,3.1
0.909,3.326,3.53,2.97
0.915,3.193,3.402,2.831
0.917,3.167,3.378,2.802
0.921,3.057,3.278,2.678
0.924,2.972,3.206,2.576
0.926,2.909,3.159,2.493
0.928,2.873,3.137,2.439
0.929,2.851,3.13,2.4
0.93,2.833,3.131,2.36
0.931,2.807,3.123,2.313
0.933,2.739,3.072,2.227
0.934,2.654,2.998,2.131
0.934,2.625,2.971,2.099
0.934,2.542,2.892,2.011
0.935,2.435,2.791,1.899
0.936,2.337,2.696,1.797
0.936,2.221,2.584,1.678
0.937,2.106,2.472,1.56
0.937,1.981,2.35,1.431
0.938,1.868,2.24,1.315
0.938,1.747,2.123,1.191
0.939,1.63,2.009,1.071
0.939,1.518,1.9,0.955
0.939,1.402,1.787,0.835
0.94,1.287,1.677,0.717
0.94,1.174,1.568,0.6
0.94,1.065,1.462,0.487
0.94,0.952,1.353,0.37
0.94,0.843,1.249,0.257
0.94,0.73,1.14,0.139
0.94,0.623,1.038,0.029
0.94,0.516,0.936,-0.083
0.94,0.411,0.836,-0.193
0.94,0.305,0.735,-0.304
0.94,0.2,0.637,-0.414
0.94,0.099,0.54,-0.521
0.94,-0.002,0.446,-0.626
0.94,-0.097,0.356,-0.726
0.939,-0.188,0.27,-0.822
0.939,-0.214,0.246,-0.849
0.939,-0.154,0.301,-0.786
0.939,-0.11,0.341,-0.739
0.939,-0.157,0.298,-0.787
0.939,-0.256,0.204,-0.893
0.938,-0.354,0.113,-0.995
0.938,-0.452,0.022,-1.099
0.938,-0.55,-0.068,-1.204
0.937,-0.646,-0.156,-1.307
0.937,-0.743,-0.243,-1.41
0.937,-0.836,-0.328,-1.511
0.936,-0.928,-0.41,-1.61
0.936,-1.019,-0.492,-1.708
0.935,-1.107,-0.571,-1.804
0.934,-1.194,-0.648,-1.898
0.934,-1.279,-0.723,-1.991
0.933,-1.381,-0.812,-2.101
0.932,-1.461,-0.882,-2.189
0.931,-1.557,-0.966,-2.294
0.93,-1.651,-1.047,-2.398
0.929,-1.727,-1.112,-2.482
0.928,-1.816,-1.189,-2.58
0.926,-1.905,-1.264,-2.677
0.925,-1.977,-1.325,-2.757
0.924,-2.06,-1.395,-2.849
0.922,-2.142,-1.464,-2.94
0.92,-2.223,-1.529,-3.032
0.918,-2.302,-1.592,-3.121
0.916,-2.378,-1.653,-3.208
0.914,-2.452,-1.711,-3.291
0.911,-2.528,-1.771,-3.377
0.908,-2.598,-1.826,-3.457
0.906,-2.667,-1.878,-3.535
0.902,-2.736,-1.931,-3.614
0.899,-2.804,-1.982,-3.691
0.895,-2.867,-2.028,-3.763
0.891,-2.926,-2.068,-3.833
0.887,-2.981,-2.106,-3.898
0.885,-3.017,-2.13,-3.941
0.884,0.269,0.63,-0.273
0.884,0.235,0.599,-0.309
0.885,0.225,0.589,-0.32
0.885,0.219,0.583,-0.326
0.885,0.215,0.579,-0.329
0.885,0.213,0.576,-0.33
0.885,0.213,0.574,-0.33
0.885,0.212,0.573,-0.329
0.885,0.212,0.572,-0.328
0.885,0.212,0.57,-0.327
0.885,0.211,0.568,-0.326
0.886,0.211,0.567,-0.326
0.886,0.21,0.565,-0.325
0.886,0.209,0.563,-0.326
0.886,0.208,0.561,-0.326
0.886,0.208,0.561,-0.326
0.886,0.206,0.558,-0.327
0.886,0.204,0.556,-0.328
0.886,0.202,0.553,-0.33
0.886,0.199,0.551,-0.332
0.886,0.196,0.548,-0.335
0.886,0.193,0.544,-0.339
0.887,0.189,0.54,-0.343
0.887,0.188,0.539,-0.344
0.887,0.187,0.539,-0.344
0.887,0.182,0.534,-0.35
0.887,0.176,0.528,-0.357
0.887,0.168,0.522,-0.365
0.887,0.16,0.514,-0.375
0.887,0.15,0.506,-0.386
0.887,0.14,0.497,-0.398
0.887,0.128,0.486,-0.412
0.887,0.114,0.474,-0.428
0.888,0.098,0.461,-0.445
0.888,0.096,0.459,-0.447
0.888,0.061,0.429,-0.487
0.888,-0.007,0.37,-0.563
0.888,-0.095,0.292,-0.662
0.888,-0.189,0.209,-0.766
0.888,-0.278,0.13,-0.865
0.888,-0.367,0.05,-0.963
0.888,-0.45,-0.024,-1.054
0.888,-0.461,-0.034,-1.066
0.888,-0.529,-0.096,-1.14
0.888,-0.611,-0.17,-1.229
0.888,-0.675,-0.228,-1.299
0.888,-0.73,-0.277,-1.359
0.888,-0.724,-0.271,-1.352
0.887,-0.706,-0.256,-1.333
0.887,-0.7,-0.25,-1.326
0.886,-0.664,-0.217,-1.287
0.885,-0.724,-0.271,-1.352
0.884,-0.823,-0.36,-1.46
0.882,-0.948,-0.471,-1.597
0.88,-1.055,-0.565,-1.714
0.877,-1.155,-0.653,-1.825
0.875,-1.252,-0.737,-1.931
0.872,-1.344,-0.817,-2.033
0.868,-1.434,-0.894,-2.133
0.865,-1.522,-0.968,-2.232
0.86,-1.596,-1.017,-2.323
0.858,-1.633,-1.044,-2.369
0.852,-1.713,-1.107,-2.461
0.846,-1.796,-1.177,-2.553
0.838,-1.878,-1.245,-2.645
0.828,-1.96,-1.311,-2.738
0.817,-2.037,-1.374,-2.825
0.803,-2.114,-1.432,-2.914
0.785,-2.189,-1.488,-3.002
0.766,-2.263,-1.542,-3.088
0.748,-2.327,-1.588,-3.164
0.73,-2.389,-1.632,-3.237
0.707,-2.456,-1.68,-3.316
0.681,-2.52,-1.726,-3.391
0.649,-2.587,-1.777,-3.468
0.607,-2.674,-1.855,-3.559
0.592,-2.682,-1.878,-3.559
0.591,-2.679,-1.877,-3.554
0.59,-2.676,-1.876,-3.55
0.589,-2.675,-1.877,-3.548
0.586,-2.692,-1.892,-3.566
0.582,-2.716,-1.912,-3.592
0.579,-2.735,-1.929,-3.613
0.572,-2.773,-1.962,-3.653
0.562,-2.833,-2.037,-3.703
0.549,-2.923,-2.165,-3.772
0.54,-3.026,-2.303,-3.85
0.531,-3.11,-2.416,-3.916
0.545,31.082,31.091,31.085
