0.09,15.254,18.096,13.764
0.093,15.168,18.01,13.679
0.1,14.909,17.747,13.42
0.117,14.454,17.286,12.966
0.12,14.368,17.198,12.88
0.14,13.705,16.267,12.263
0.143,13.628,16.153,12.193
0.154,13.332,15.729,11.922
0.157,13.239,15.595,11.837
0.166,13.043,15.32,11.657
0.175,12.861,15.067,11.49
0.2,12.4,14.427,11.067
0.233,11.933,13.806,10.636
0.25,11.716,13.52,10.436
0.3,11.187,12.833,9.95
0.303,11.16,12.801,9.924
0.322,10.974,12.573,9.75
0.35,10.727,12.269,9.521
0.4,10.265,11.7,9.093
0.45,9.811,11.152,8.672
0.5,9.348,10.595,8.245
0.548,8.867,10.007,7.81
0.55,8.854,9.991,7.798
0.6,8.32,9.321,7.33
0.647,7.807,8.681,6.887
0.65,7.781,8.65,6.865
0.687,7.392,8.169,6.533
0.7,7.265,8.009,6.425
0.725,6.995,7.669,6.202
0.75,6.734,7.343,5.987
0.8,6.337,6.88,5.642
0.85,5.97,6.457,5.322
0.891,5.692,6.14,5.078
0.899,5.634,6.075,5.027
0.941,5.37,5.78,4.793
0.95,5.321,5.725,4.749
1.0,5.027,5.396,4.49
1.049,4.753,5.092,4.247
1.099,4.494,4.806,4.016
1.165,4.166,4.447,3.723
1.198,4.016,4.283,3.589
1.199,4.009,4.276,3.583
1.211,3.954,4.216,3.533
1.231,3.862,4.116,3.451
1.25,3.783,4.03,3.38
1.3,3.571,3.801,3.191
1.35,3.369,3.584,3.009
1.374,3.277,3.484,2.926
1.4,3.178,3.378,2.837
1.437,3.043,3.232,2.717
1.45,2.996,3.181,2.675
1.485,2.875,3.05,2.569
1.5,2.822,2.993,2.523
1.518,2.759,2.924,2.469
1.55,2.654,2.809,2.378
1.571,2.584,2.733,2.319
1.6,2.495,2.635,2.243
1.631,2.397,2.528,2.16
1.649,2.343,2.47,2.113
1.674,2.269,2.389,2.049
1.676,2.264,2.384,2.045
1.699,2.195,2.31,1.986
1.724,2.123,2.232,1.923
1.744,2.067,2.172,1.874
1.749,2.052,2.155,1.861
1.774,1.981,2.08,1.799
1.799,1.911,2.005,1.736
1.806,1.89,1.983,1.718
1.824,1.84,1.93,1.673
1.849,1.77,1.856,1.61
1.864,1.729,1.813,1.573
1.874,1.7,1.782,1.547
1.899,1.631,1.709,1.484
1.906,1.61,1.688,1.465
1.924,1.561,1.636,1.42
1.947,1.498,1.57,1.362
1.967,1.443,1.514,1.311
1.993,1.372,1.44,1.244
2.005,1.339,1.406,1.213
2.038,1.245,1.311,1.122
2.048,1.217,1.282,1.095
2.083,1.116,1.181,0.994
2.087,1.105,1.17,0.984
2.122,1.006,1.071,0.884
2.129,0.986,1.051,0.863
2.13,0.981,1.046,0.858
2.167,0.872,0.94,0.744
2.174,0.853,0.922,0.723
2.201,0.771,0.844,0.633
2.219,0.718,0.795,0.574
2.223,0.707,0.785,0.562
2.254,0.618,0.703,0.457
2.265,0.584,0.674,0.416
2.278,0.547,0.642,0.369
2.301,0.482,0.588,0.287
2.322,0.424,0.541,0.209
2.341,0.372,0.502,0.138
2.356,0.327,0.467,0.077
2.376,0.258,0.407,-0.008
2.386,0.174,0.305,-0.062
2.389,0.132,0.248,-0.078
2.39,0.094,0.194,-0.09
2.39,0.057,0.142,-0.102
2.391,0.019,0.09,-0.115
2.391,-0.021,0.038,-0.133
2.391,-0.054,-0.005,-0.149
2.391,-0.075,-0.032,-0.158
2.391,-0.024,0.024,-0.118
2.391,0.03,0.088,-0.081
2.391,0.063,0.133,-0.07
2.391,0.068,0.155,-0.096
2.392,0.042,0.148,-0.152
2.392,0.012,0.137,-0.214
2.392,-0.007,0.137,-0.264
2.392,-0.014,0.15,-0.301
2.392,-0.012,0.172,-0.33
2.392,-0.003,0.203,-0.35
2.392,0.012,0.238,-0.363
2.393,0.031,0.279,-0.37
2.393,0.057,0.325,-0.37
2.393,0.089,0.377,-0.36
2.393,0.134,0.441,-0.339
2.393,0.198,0.528,-0.299
2.394,0.262,0.608,-0.252
2.394,0.341,0.703,-0.192
2.394,0.42,0.797,-0.127
2.394,0.519,0.912,-0.044
2.395,0.61,1.019,0.032
2.395,0.695,1.123,0.099
2.395,0.733,1.173,0.125
2.395,0.696,1.154,0.071
2.396,0.624,1.099,-0.016
2.396,0.543,1.029,-0.106
2.396,0.458,0.954,-0.199
2.397,0.375,0.879,-0.29
2.397,0.291,0.804,-0.38
2.397,0.208,0.728,-0.47
2.397,0.126,0.654,-0.558
2.398,0.045,0.58,-0.646
2.398,0.024,0.562,-0.668
2.398,0.002,0.541,-0.692
2.398,-0.087,0.46,-0.787
2.398,-0.109,0.44,-0.811
2.398,-0.131,0.421,-0.835
2.398,-0.219,0.342,-0.93
2.399,-0.306,0.264,-1.024
2.399,-0.393,0.186,-1.118
2.399,-0.478,0.11,-1.211
2.399,-0.564,0.035,-1.304
2.4,-0.649,-0.04,-1.396
2.4,-0.733,-0.114,-1.488
2.4,-0.816,-0.186,-1.578
2.4,-0.897,-0.256,-1.668
2.401,-0.992,-0.339,-1.77
2.401,-1.071,-0.408,-1.856
2.401,-1.167,-0.492,-1.961
2.401,-1.261,-0.574,-2.063
2.401,-1.333,-0.637,-2.141
2.402,-1.361,-0.661,-2.172
2.402,-1.331,-0.636,-2.14
2.402,-1.246,-0.562,-2.047
2.402,-1.144,-0.473,-1.936
2.402,-1.062,-0.401,-1.846
2.402,-0.977,-0.327,-1.753
2.402,-0.891,-0.253,-1.66
2.403,-0.808,-0.181,-1.568
2.403,-0.724,-0.108,-1.476
2.403,-0.637,-0.033,-1.382
2.403,-0.551,0.043,-1.287
2.404,-0.466,0.117,-1.194
2.404,-0.38,0.193,-1.101
2.404,-0.295,0.269,-1.008
2.404,-0.21,0.344,-0.915
2.405,-0.124,0.42,-0.822
2.405,-0.039,0.496,-0.73
2.405,0.044,0.572,-0.64
2.406,0.147,0.665,-0.529
2.407,0.25,0.758,-0.419
2.408,0.338,0.838,-0.323
2.41,0.435,0.923,-0.217
2.411,0.457,0.942,-0.192
2.444,0.348,0.834,-0.301
2.475,0.242,0.728,-0.407
2.5,0.15,0.638,-0.5
2.521,0.07,0.559,-0.582
2.538,0.003,0.494,-0.651
2.556,-0.073,0.422,-0.73
2.556,-0.076,0.419,-0.733
2.573,-0.162,0.341,-0.826
2.584,-0.253,0.262,-0.926
2.586,-0.316,0.208,-0.997
2.587,-0.393,0.142,-1.084
2.588,-0.508,0.044,-1.211
2.588,-0.61,-0.044,-1.325
2.588,-0.698,-0.121,-1.421
2.588,-0.711,-0.132,-1.435
2.588,-0.782,-0.194,-1.513
2.589,-0.844,-0.247,-1.582
2.589,-0.88,-0.279,-1.621
2.589,-0.821,-0.228,-1.556
2.591,-0.793,-0.203,-1.525
2.592,-0.83,-0.235,-1.566
2.593,-0.894,-0.291,-1.637
2.594,-0.971,-0.358,-1.722
2.594,-1.051,-0.427,-1.81
2.595,-1.132,-0.496,-1.898
2.595,-1.215,-0.569,-1.989
2.596,-1.297,-0.64,-2.078
2.596,-1.378,-0.71,-2.167
2.597,-1.459,-0.78,-2.255
2.597,-1.54,-0.851,-2.344
2.598,-1.619,-0.92,-2.431
2.598,-1.697,-0.987,-2.516
2.598,-1.775,-1.054,-2.601
2.598,-1.849,-1.117,-2.683
2.599,-1.922,-1.176,-2.766
2.599,-1.994,-1.232,-2.847
2.599,-2.062,-1.284,-2.926
2.599,-2.128,-1.334,-3.002
2.599,-2.192,-1.383,-3.076
2.6,-2.252,-1.424,-3.146
2.6,-2.309,-1.463,-3.215
2.6,-2.367,-1.502,-3.283
2.6,-2.428,-1.54,-3.358
2.6,-2.555,-1.609,-3.516
2.6,-2.621,-1.629,-3.606
2.6,-2.666,-1.639,-3.668
2.6,-2.709,-1.646,-3.727
2.601,-2.742,-1.635,-3.78
2.601,-2.775,-1.62,-3.832
2.601,-2.806,-1.602,-3.884
2.601,-2.831,-1.555,-3.935
2.601,-2.849,-1.52,-3.971
2.601,-2.868,-1.448,-4.021
2.601,-2.877,-1.356,-4.061
2.601,-2.883,-1.285,-4.089
2.601,-2.882,-1.232,-4.102
2.601,-2.881,-1.226,-4.103
2.59,-2.712,-0.721,-4.016
2.59,-2.827,-1.388,-3.985
2.59,-2.824,-1.413,-3.974
2.59,-2.698,-1.636,-3.716
2.589,-2.614,-1.643,-3.588
2.589,-2.67,-1.637,-3.675
2.589,-2.772,-1.547,-3.858
2.589,-2.824,-1.313,-4.004
2.589,-2.82,-1.053,-4.071
2.588,-2.8,-0.881,-4.088
2.588,-2.779,-0.787,-4.083
2.587,-2.764,-0.731,-4.077
2.587,-2.792,-0.887,-4.076
2.587,-2.808,-1.263,-3.998
2.587,-2.716,-1.569,-3.771
2.587,-2.648,-1.615,-3.652
2.587,-2.697,-1.593,-3.734
2.587,-2.783,-1.461,-3.903
2.586,-2.821,-1.198,-4.034
2.586,-2.809,-0.929,-4.089
2.585,-2.781,-0.754,-4.093
2.585,-2.773,-0.686,-4.097
2.584,-2.773,-0.66,-4.102
2.584,-2.796,-0.793,-4.103
2.584,-2.839,-1.213,-4.053
2.584,-2.772,-1.576,-3.847
2.584,-2.708,-1.636,-3.731
2.584,-2.75,-1.597,-3.807
2.583,-2.823,-1.441,-3.964
2.583,-2.836,-1.131,-4.071
2.582,-2.805,-0.838,-4.104
2.582,-2.773,-0.658,-4.103
2.581,-2.755,-0.575,-4.098
2.58,-2.745,-0.537,-4.093
2.58,-2.776,-0.658,-4.107
2.58,-2.843,-1.118,-4.083
2.58,-2.805,-1.539,-3.904
2.58,-2.75,-1.624,-3.796
2.579,-2.789,-1.576,-3.87
2.579,-2.835,-1.363,-4.004
2.578,-2.827,-1.014,-4.089
2.577,-2.767,-0.675,-4.092
2.577,-2.7,-0.439,-4.058
2.576,-2.659,-0.316,-4.032
2.575,-2.633,-0.245,-4.015
2.574,-2.659,-0.329,-4.029
2.574,-2.798,-0.904,-4.081
2.574,-2.811,-1.427,-3.952
2.574,-2.771,-1.553,-3.854
2.573,-2.794,-1.471,-3.915
2.573,-2.818,-1.212,-4.027
2.572,-2.773,-0.812,-4.07
2.571,-2.68,-0.433,-4.035
2.57,-2.601,-0.188,-3.987
2.569,-2.567,-0.086,-3.965
2.567,-2.551,-0.045,-3.954
2.567,-2.557,-0.066,-3.958
2.567,-2.741,-0.707,-4.054
2.567,-2.802,-1.311,-3.977
2.566,-2.781,-1.479,-3.894
2.566,-2.801,-1.39,-3.951
2.565,-2.801,-1.085,-4.038
2.564,-2.737,-0.665,-4.058
2.563,-2.622,-0.259,-3.999
2.562,-2.557,-0.049,-3.96
2.56,-2.533,0.026,-3.946
2.558,-2.523,0.059,-3.94
2.558,-2.513,0.086,-3.933
2.558,-2.725,-0.574,-4.064
2.557,-2.825,-1.238,-4.028
2.557,-2.816,-1.44,-3.955
2.556,-2.818,-1.314,-3.996
2.555,-2.795,-0.971,-4.06
2.554,-2.688,-0.492,-4.034
2.552,-2.544,-0.053,-3.945
2.55,-2.468,0.151,-3.892
2.548,-2.425,0.256,-3.861
2.546,-2.396,0.318,-3.838
2.546,-2.37,0.388,-3.82
2.546,-2.586,-0.236,-3.961
2.545,-2.772,-1.028,-4.016
2.544,-2.784,-1.279,-3.963
2.544,-2.779,-1.136,-3.998
2.542,-2.719,-0.741,-4.02
2.541,-2.563,-0.195,-3.941
2.539,-2.43,0.186,-3.855
2.537,-2.351,0.391,-3.798
2.534,-2.318,0.463,-3.774
2.531,-2.296,0.506,-3.756
2.531,-2.253,0.612,-3.725
2.53,-2.464,0.057,-3.871
2.53,-2.718,-0.823,-4.001
2.529,-2.757,-1.123,-3.973
2.528,-2.737,-0.956,-3.992
2.527,-2.651,-0.529,-3.984
2.525,-2.468,0.036,-3.872
2.523,-2.338,0.391,-3.783
2.52,-2.28,0.532,-3.741
2.517,-2.253,0.594,-3.721
2.513,-2.238,0.626,-3.71
2.513,-2.2,0.723,-3.684
2.513,-2.387,0.248,-3.815
2.512,-2.675,-0.653,-3.986
2.511,-2.738,-0.994,-3.983
2.51,-2.71,-0.814,-3.993
2.508,-2.578,-0.322,-3.936
2.506,-2.394,0.212,-3.817
2.503,-2.268,0.531,-3.727
2.5,-2.203,0.679,-3.679
2.496,-2.18,0.729,-3.661
2.492,-2.171,0.743,-3.654
2.492,-2.148,0.803,-3.642
2.491,-2.28,0.478,-3.731
2.491,-2.599,-0.424,-3.942
2.49,-2.699,-0.827,-3.976
2.488,-2.648,-0.616,-3.961
2.486,-2.481,-0.076,-3.866
2.484,-2.3,0.418,-3.744
2.481,-2.192,0.678,-3.665
2.477,-2.157,0.759,-3.641
2.473,-2.147,0.78,-3.635
2.468,-2.14,0.792,-3.629
2.468,-2.115,0.864,-3.619
2.467,-2.206,0.63,-3.673
2.467,-2.517,-0.203,-3.885
2.465,-2.654,-0.67,-3.957
2.463,-2.599,-0.45,-3.937
2.461,-2.408,0.106,-3.814
2.458,-2.234,0.552,-3.691
2.454,-2.141,0.769,-3.623
2.45,-2.122,0.812,-3.611
2.445,-2.111,0.833,-3.604
2.439,-2.102,0.847,-3.597
2.439,-2.075,0.936,-3.588
2.438,-2.132,0.77,-3.613
2.437,-2.43,0.016,-3.823
2.436,-2.605,-0.513,-3.931
2.434,-2.52,-0.249,-3.881
2.431,-2.336,0.27,-3.759
2.428,-2.166,0.682,-3.636
2.424,-2.108,0.819,-3.596
2.419,-2.087,0.864,-3.582
2.414,-2.078,0.884,-3.577
2.408,-2.073,0.895,-3.574
2.407,-2.042,0.998,-3.562
2.407,-2.1,0.823,-3.586
2.406,-2.361,0.183,-3.772
2.404,-2.544,-0.342,-3.892
2.402,-2.443,-0.053,-3.826
2.399,-2.255,0.446,-3.696
2.395,-2.103,0.798,-3.584
2.39,-2.069,0.874,-3.563
2.384,-2.055,0.915,-3.557
2.378,-2.048,0.934,-3.553
2.37,-2.04,0.948,-3.547
2.37,-1.99,1.094,-3.521
2.369,-2.053,0.89,-3.547
2.368,-2.272,0.373,-3.702
2.366,-2.459,-0.136,-3.829
2.364,-2.361,0.139,-3.763
2.36,-2.178,0.595,-3.632
2.356,-2.063,0.855,-3.55
2.351,-2.032,0.931,-3.533
2.344,-2.021,0.969,-3.529
2.337,-2.008,0.995,-3.52
2.329,-1.999,1.011,-3.512
2.328,-1.936,1.194,-3.477
2.327,-2.017,0.949,-3.518
2.326,-2.181,0.56,-3.629
2.324,-2.368,0.078,-3.761
2.321,-2.277,0.317,-3.698
2.317,-2.096,0.745,-3.565
2.312,-2.017,0.919,-3.51
2.306,-1.998,0.986,-3.505
2.299,-1.977,1.035,-3.492
2.29,-1.969,1.059,-3.487
2.281,-1.961,1.075,-3.481
2.28,-1.851,1.365,-3.409
2.279,-1.979,1.012,-3.488
2.278,-2.091,0.725,-3.554
2.275,-2.281,0.266,-3.693
2.272,-2.176,0.524,-3.617
2.267,-2.019,0.879,-3.499
2.261,-1.976,0.98,-3.474
2.254,-1.954,1.052,-3.467
2.246,-1.94,1.099,-3.461
2.236,-1.93,1.123,-3.455
2.224,-1.922,1.139,-3.448
2.224,-1.772,1.527,-3.344
2.223,-1.934,1.084,-3.45
2.221,-1.996,0.893,-3.474
2.218,-2.184,0.461,-3.614
2.214,-2.085,0.69,-3.54
2.208,-1.966,0.95,-3.453
2.201,-1.933,1.046,-3.438
2.193,-1.911,1.123,-3.431
2.183,-1.894,1.174,-3.422
2.171,-1.871,1.221,-3.404
2.158,-1.855,1.253,-3.391
2.157,-1.574,1.9,-3.179
2.156,-1.884,1.17,-3.409
2.154,-1.933,0.98,-3.419
2.15,-2.067,0.681,-3.517
2.145,-1.973,0.886,-3.444
2.138,-1.898,1.039,-3.393
2.13,-1.881,1.123,-3.394
2.119,-1.855,1.213,-3.383
2.107,-1.821,1.31,-3.361
2.093,-1.798,1.367,-3.344
2.077,-1.779,1.407,-3.328
2.076,-1.397,2.257,-3.032
2.074,-1.816,1.3,-3.352
2.071,-1.853,1.084,-3.348
2.067,-1.933,0.911,-3.402
2.06,-1.875,1.03,-3.36
2.051,-1.835,1.132,-3.338
2.039,-1.814,1.229,-3.336
2.026,-1.774,1.37,-3.316
2.009,-1.733,1.486,-3.287
1.991,-1.691,1.58,-3.254
1.969,-1.66,1.647,-3.229
1.968,-1.132,2.782,-2.808
1.966,-1.718,1.501,-3.271
1.962,-1.773,1.198,-3.278
1.956,-1.803,1.101,-3.288
1.946,-1.768,1.166,-3.263
1.934,-1.756,1.246,-3.269
1.919,-1.733,1.379,-3.268
1.9,-1.676,1.575,-3.233
1.878,-1.602,1.761,-3.178
1.853,-1.556,1.865,-3.142
1.824,-1.507,1.963,-3.102
1.823,0.191,4.995,-1.654
1.82,-1.278,2.29,-2.899
1.813,-1.653,1.384,-3.174
1.803,-1.663,1.284,-3.162
1.788,-1.642,1.344,-3.151
1.768,-1.605,1.492,-3.139
1.743,-1.424,1.938,-3.006
1.714,-1.142,2.52,-2.779
1.679,-0.9,2.989,-2.578
1.64,-0.665,3.404,-2.377
1.596,-0.475,3.734,-2.213
1.594,2.4,8.542,0.324
1.587,-0.59,3.517,-2.309
1.573,-1.449,1.749,-3.0
1.551,-1.489,1.534,-3.007
1.521,-1.46,1.639,-2.993
1.481,-1.24,2.162,-2.829
1.433,-0.704,3.224,-2.39
1.375,0.268,4.91,-1.553
1.31,1.28,6.561,-0.662
1.238,2.39,8.266,0.336
1.159,3.476,9.874,1.319
1.159,11.598,21.466,8.928
1.158,3.015,9.141,0.9
1.157,-0.737,2.938,-2.393
1.155,-1.364,1.792,-2.909
1.153,-1.227,2.075,-2.806
1.15,-0.808,2.847,-2.469
1.145,0.104,4.365,-1.693
1.14,0.85,5.604,-1.044
1.134,1.017,5.979,-0.897
1.127,0.316,5.008,-1.533
1.119,-0.873,2.862,-2.582
1.119,-3.288,-0.467,-4.731
1.118,-3.647,-1.431,-4.986
1.117,-3.846,-2.314,-5.026
1.116,-3.897,-2.691,-4.97
1.113,-3.959,-2.716,-5.047
1.11,-4.033,-2.668,-5.161
1.107,-4.125,-2.677,-5.28
1.102,-4.242,-2.807,-5.392
1.097,-4.385,-3.063,-5.498
1.091,-4.536,-3.366,-5.593
1.084,-4.682,-3.652,-5.679
1.083,-4.725,-3.458,-5.818
1.083,-4.651,-3.605,-5.654
1.082,-4.478,-3.59,-5.4
1.08,-4.315,-3.472,-5.211
1.078,-4.283,-3.348,-5.233
1.075,-4.184,-2.993,-5.251
1.072,-3.874,-2.113,-5.113
1.068,-3.184,-0.573,-4.592
1.062,-2.385,0.624,-3.881
1.056,-2.006,1.113,-3.533
1.049,-1.723,1.883,-3.302
1.049,-3.702,-1.845,-4.973
1.049,-3.449,-1.622,-4.714
1.047,-3.242,-1.598,-4.463
1.046,-3.127,-1.604,-4.316
1.043,-3.182,-1.615,-4.382
1.04,-3.281,-1.633,-4.503
1.035,-3.376,-1.654,-4.616
1.03,-3.441,-1.676,-4.692
1.024,-3.478,-1.703,-4.732
1.017,-3.501,-1.737,-4.752
1.009,-3.52,-1.777,-4.766
1.009,-3.749,-1.922,-5.013
1.008,-3.562,-1.846,-4.8
1.007,-3.374,-1.844,-4.564
1.005,-3.265,-1.849,-4.42
1.002,-3.307,-1.841,-4.477
0.999,-3.389,-1.831,-4.587
0.994,-3.468,-1.827,-4.688
0.989,-3.523,-1.828,-4.756
0.982,-3.546,-1.823,-4.787
0.974,-3.553,-1.821,-4.796
0.966,-3.554,-1.818,-4.797
0.966,-3.474,-1.595,-4.774
0.965,-3.614,-1.912,-4.848
0.963,-3.408,-1.878,-4.598
0.961,-3.288,-1.87,-4.444
0.958,-3.343,-1.885,-4.512
0.954,-3.441,-1.905,-4.632
0.949,-3.532,-1.929,-4.742
0.943,-3.6,-1.962,-4.818
0.935,-3.639,-1.994,-4.86
0.927,-3.666,-2.032,-4.883
0.917,-3.692,-2.079,-4.903
0.917,-3.475,-1.646,-4.767
0.916,-3.692,-2.083,-4.902
0.914,-3.505,-2.069,-4.666
0.912,-3.41,-2.083,-4.534
0.908,-3.461,-2.097,-4.599
0.903,-3.548,-2.112,-4.709
0.898,-3.678,-2.214,-4.85
0.89,-3.752,-2.26,-4.933
0.882,-3.735,-2.225,-4.924
0.872,-3.71,-2.199,-4.903
0.861,-3.682,-2.181,-4.876
0.86,2.576,5.769,0.642
0.86,-3.684,-2.185,-4.877
0.858,-3.656,-2.352,-4.774
0.855,-3.537,-2.328,-4.619
0.851,-3.599,-2.362,-4.692
0.845,-3.708,-2.415,-4.822
0.838,-3.796,-2.451,-4.929
0.83,-3.76,-2.369,-4.915
0.82,-3.722,-2.316,-4.887
0.809,-3.702,-2.307,-4.867
0.796,-2.424,-0.745,-3.754
0.796,4.223,7.688,2.155
0.795,-2.419,-0.741,-3.75
0.793,-3.837,-2.674,-4.899
0.791,-3.741,-2.667,-4.763
0.787,-3.806,-2.713,-4.837
0.781,-3.911,-2.776,-4.96
0.775,-4.004,-2.838,-5.067
0.767,-4.006,-2.818,-5.084
0.758,-4.032,-2.852,-5.108
0.747,-4.123,-2.985,-5.178
0.735,-4.25,-3.178,-5.274
0.735,1.168,3.693,-0.599
0.734,-4.245,-3.17,-5.27
0.734,-4.19,-3.275,-5.133
0.732,-4.095,-3.245,-5.002
0.731,-4.135,-3.259,-5.057
0.729,-4.207,-3.285,-5.154
0.726,-4.275,-3.31,-5.245
0.722,-4.332,-3.344,-5.313
0.718,-4.374,-3.388,-5.355
0.714,-4.412,-3.443,-5.384
0.708,-4.455,-3.513,-5.413
0.708,-0.791,1.155,-2.302
0.708,-4.461,-3.518,-5.42
0.708,-4.265,-3.393,-5.184
0.707,-4.128,-3.299,-5.021
0.706,-4.193,-3.351,-5.095
0.704,-4.307,-3.44,-5.223
0.703,-4.412,-3.524,-5.34
0.7,-4.49,-3.596,-5.422
0.698,-4.545,-3.657,-5.473
0.695,-4.59,-3.719,-5.51
0.691,-4.638,-3.79,-5.544
0.682,31.488,31.38,31.68
